0 0.39375 0.3416666666666667 0.121875 0.14791666666666667
0 0.284375 0.4895833333333333 0.1796875 0.23958333333333334
0 0.4015625 0.225 0.1984375 0.24375
0 0.3921875 0.22291666666666668 0.14375 0.30416666666666664
0 0.3515625 0.0 0.140625 0.075
0 0.4671875 0.0 0.303125 0.27291666666666664
0 0.3734375 0.44583333333333336 0.2109375 0.19791666666666666
0 0.56875 0.6770833333333334 0.125 0.18958333333333333
0 0.740625 0.8 0.06875 0.06666666666666667
0 0.628125 0.3458333333333333 0.2046875 0.22291666666666668
0 0.74375 0.35625 0.13125 0.2125
0 0.66875 0.7125 0.2375 0.22708333333333333
0 0.559375 0.9708333333333333 0.15625 0.029166666666666667
0 0.60625 0.9520833333333333 0.059375 0.04791666666666667
0 0.8734375 0.19583333333333333 0.121875 0.18333333333333332
0 0.0109375 0.33541666666666664 0.1171875 0.1375
0 0.775 0.9854166666666667 0.071875 0.014583333333333334
0 0.746875 0.9916666666666667 0.09375 0.008333333333333333
0 0.6109375 0.8729166666666667 0.2265625 0.12708333333333333
0 0.74375 0.9895833333333334 0.0875 0.010416666666666666
0 0.85 0.6958333333333333 0.05 0.0875
0 0.3578125 0.70625 0.0671875 0.11666666666666667
