0 0.0828125 0.9854166666666667 0.0703125 0.014583333333333334
0 0.3890625 0.6708333333333333 0.178125 0.24583333333333332
0 0.559375 0.8375 0.0625 0.11041666666666666
0 0.5078125 0.6416666666666667 0.203125 0.2125
0 0.4296875 0.5395833333333333 0.2 0.1625
0 0.334375 0.50625 0.1921875 0.15625
0 0.34375 0.35625 0.1421875 0.33125
0 0.3171875 0.3375 0.2109375 0.2520833333333333
0 0.6828125 0.25833333333333336 0.0921875 0.08541666666666667
0 0.6734375 0.15416666666666667 0.146875 0.21041666666666667
0 0.6515625 0.0 0.1234375 0.058333333333333334
0 0.0 0.41041666666666665 0.021875 0.10625
0 0.0 0.5708333333333333 0.1203125 0.125
0 0.065625 0.1375 0.1546875 0.2604166666666667
0 0.3890625 0.07708333333333334 0.1640625 0.1625
0 0.884375 0.50625 0.071875 0.07083333333333333
0 0.93125 0.40625 0.06875 0.11458333333333333
0 0.734375 0.5541666666666667 0.1046875 0.17916666666666667
0 0.8625 0.775 0.034375 0.06875
0 0.846875 0.8104166666666667 0.09375 0.07083333333333333
0 0.928125 0.7729166666666667 0.04375 0.058333333333333334
0 0.971875 0.6145833333333334 0.028125 0.12291666666666666
0 0.9359375 0.2604166666666667 0.059375 0.08541666666666667
