0 0.4203125 0.0 0.103125 0.11041666666666666
0 0.490625 0.25416666666666665 0.1859375 0.22708333333333333
0 0.525 0.08125 0.2046875 0.2625
0 0.69375 0.12083333333333333 0.075 0.10416666666666667
0 0.6078125 0.20208333333333334 0.209375 0.27708333333333335
0 0.590625 0.49375 0.0859375 0.1125
0 0.4671875 0.40625 0.2015625 0.2916666666666667
0 0.4171875 0.4270833333333333 0.1734375 0.23333333333333334
0 0.2265625 0.5625 0.1703125 0.21458333333333332
0 0.0 0.3645833333333333 0.1328125 0.19375
0 0.1609375 0.17708333333333334 0.115625 0.16666666666666666
0 0.4359375 0.9291666666666667 0.1125 0.07083333333333333
0 0.1328125 0.0 0.11875 0.08333333333333333
