0 0.959375 0.0 0.040625 0.07708333333333334
0 0.5546875 0.15208333333333332 0.1109375 0.19166666666666668
0 0.4953125 0.5041666666666667 0.1484375 0.2125
0 0.5609375 0.3729166666666667 0.1078125 0.34791666666666665
0 0.4359375 0.8291666666666667 0.1578125 0.1375
0 0.1765625 0.6354166666666666 0.071875 0.18541666666666667
0 0.21875 0.6479166666666667 0.125 0.08958333333333333
0 0.4609375 0.06458333333333334 0.04375 0.09375
0 0.0796875 0.10625 0.0421875 0.05625
0 0.1140625 0.07291666666666667 0.1015625 0.052083333333333336
0 0.1609375 0.10625 0.025 0.07083333333333333
0 0.1875 0.95625 0.1015625 0.04375
0 0.0765625 0.3770833333333333 0.0546875 0.04583333333333333
0 0.0828125 0.325 0.1328125 0.07708333333333334
0 0.4078125 0.35625 0.190625 0.11875
0 0.5 0.46458333333333335 0.021875 0.029166666666666667
0 0.315625 0.23541666666666666 0.2078125 0.17291666666666666
0 0.8078125 0.81875 0.090625 0.17291666666666666
0 0.6015625 0.39791666666666664 0.103125 0.13125
0 0.0 0.1875 0.0625 0.1125
0 0.0 0.2 0.1109375 0.1375
0 0.484375 0.17083333333333334 0.028125 0.0625
0 0.0 0.39791666666666664 0.090625 0.12083333333333333
0 0.0046875 0.5979166666666667 0.05 0.10625
0 0.3328125 0.15208333333333332 0.2140625 0.20625
0 0.2 0.25 0.0625 0.15
0 0.109375 0.4395833333333333 0.1265625 0.09583333333333334
