0 0.2109375 0.325 0.1171875 0.18125
0 0.36875 0.53125 0.15 0.20833333333333334
0 0.3140625 0.47708333333333336 0.14375 0.29583333333333334
0 0.5265625 0.7166666666666667 0.14375 0.15416666666666667
0 0.69375 0.3770833333333333 0.0875 0.16458333333333333
0 0.6203125 0.43125 0.1109375 0.10625
0 0.2765625 0.1875 0.0484375 0.08333333333333333
0 0.471875 0.0 0.0859375 0.027083333333333334
0 0.5109375 0.0 0.03125 0.058333333333333334
0 0.7953125 0.6125 0.1078125 0.16458333333333333
0 0.7609375 0.7416666666666667 0.065625 0.10625
0 0.6546875 0.12916666666666668 0.0484375 0.052083333333333336
0 0.5765625 0.1125 0.1140625 0.1
0 0.328125 0.37916666666666665 0.165625 0.15
0 0.4203125 0.4895833333333333 0.021875 0.029166666666666667
0 0.3359375 0.23125 0.1890625 0.19583333333333333
0 0.31875 0.9645833333333333 0.1 0.035416666666666666
0 0.2765625 0.53125 0.1015625 0.13125
0 0.63125 0.0 0.1109375 0.035416666666666666
0 0.603125 0.0 0.165625 0.08333333333333333
0 0.6875 0.0 0.0625 0.0
0 0.3109375 0.275 0.0328125 0.05625
0 0.696875 0.07291666666666667 0.1171875 0.13125
0 0.8046875 0.22708333333333333 0.05625 0.09583333333333334
0 0.290625 0.18541666666666667 0.196875 0.225
0 0.525 0.12916666666666668 0.0734375 0.13333333333333333
0 0.0 0.7291666666666666 0.0015625 0.0375
0 0.0 0.7104166666666667 0.0125 0.04583333333333333
0 0.7296875 0.8395833333333333 0.028125 0.041666666666666664
0 0.6109375 0.20833333333333334 0.1125 0.1125
