0 0.0 0.25416666666666665 0.04375 0.08333333333333333
0 0.253125 0.4270833333333333 0.125 0.17291666666666666
0 0.4390625 0.25833333333333336 0.153125 0.20625
0 0.3734375 0.22291666666666668 0.1734375 0.2604166666666667
0 0.61875 0.175 0.134375 0.16875
0 0.709375 0.5395833333333333 0.1 0.14791666666666667
0 0.65625 0.5104166666666666 0.1 0.12291666666666666
0 0.2859375 0.6583333333333333 0.0546875 0.07708333333333334
0 0.503125 0.9916666666666667 0.0421875 0.008333333333333333
0 0.4359375 0.9395833333333333 0.075 0.06041666666666667
0 0.471875 0.925 0.0375 0.05625
0 0.8453125 0.34791666666666665 0.1140625 0.15833333333333333
0 0.8328125 0.26875 0.071875 0.1
0 0.63125 0.85 0.0453125 0.058333333333333334
0 0.5625 0.7979166666666667 0.1 0.12083333333333333
0 0.38125 0.43125 0.146875 0.17708333333333334
0 0.4703125 0.4666666666666667 0.0234375 0.029166666666666667
0 0.3640625 0.5333333333333333 0.175 0.21875
0 0.459375 0.0 0.1078125 0.03333333333333333
0 0.35 0.29583333333333334 0.1 0.13333333333333333
0 0.578125 0.9833333333333333 0.1046875 0.016666666666666666
0 0.559375 0.93125 0.15 0.06875
0 0.3328125 0.6104166666666667 0.0359375 0.052083333333333336
0 0.6671875 0.8458333333333333 0.1109375 0.14166666666666666
0 0.7859375 0.76875 0.0625 0.08958333333333333
0 0.3125 0.5395833333333333 0.1890625 0.23958333333333334
0 0.509375 0.7458333333333333 0.0828125 0.12083333333333333
0 0.096875 0.10208333333333333 0.0265625 0.035416666666666666
0 0.0921875 0.11041666666666666 0.0375 0.05
0 0.8171875 0.22083333333333333 0.03125 0.041666666666666664
0 0.609375 0.7104166666666667 0.103125 0.12708333333333333
