0 0.415625 0.12083333333333333 0.1140625 0.17708333333333334
0 0.415625 0.425 0.1453125 0.20208333333333334
0 0.4515625 0.3125 0.134375 0.29583333333333334
0 0.4109375 0.7083333333333334 0.1421875 0.14791666666666667
0 0.1609375 0.63125 0.0828125 0.1625
0 0.2015625 0.6145833333333334 0.109375 0.10208333333333333
0 0.3234375 0.08333333333333333 0.046875 0.08333333333333333
0 0.00625 0.21041666666666667 0.040625 0.05416666666666667
0 0.0328125 0.15833333333333333 0.0859375 0.06666666666666667
0 0.075 0.19375 0.0296875 0.0625
0 0.215625 0.89375 0.103125 0.10625
0 0.3265625 0.9270833333333334 0.0625 0.07291666666666667
0 0.0421875 0.4354166666666667 0.0484375 0.05
0 0.0421875 0.3729166666666667 0.1140625 0.09375
0 0.3234375 0.30625 0.1640625 0.14166666666666666
0 0.409375 0.4166666666666667 0.021875 0.027083333333333334
0 0.2296875 0.225 0.184375 0.1875
0 0.7203125 0.6270833333333333 0.096875 0.15833333333333333
0 0.875 0.44375 0.0859375 0.08333333333333333
0 0.490625 0.31875 0.0984375 0.12708333333333333
0 0.0 0.29583333333333334 0.0125 0.11666666666666667
0 0.0 0.29375 0.05625 0.15625
0 0.3578125 0.17083333333333334 0.0296875 0.05416666666666667
0 0.0 0.46458333333333335 0.065625 0.12708333333333333
0 0.0109375 0.6458333333333334 0.053125 0.09375
0 0.2328125 0.14791666666666667 0.1953125 0.21666666666666667
0 0.128125 0.3020833333333333 0.0703125 0.13125
0 0.878125 0.5354166666666667 0.0390625 0.04375
0 0.8265625 0.11666666666666667 0.025 0.035416666666666666
0 0.809375 0.10625 0.0390625 0.04583333333333333
0 0.4140625 0.95 0.028125 0.041666666666666664
0 0.0796875 0.46458333333333335 0.1125 0.10625
