0 0.5171875 0.6458333333333334 0.1375 0.18333333333333332
0 0.5 0.8270833333333333 0.0359375 0.09375
0 0.371875 0.6895833333333333 0.18125 0.14791666666666667
0 0.55 0.3104166666666667 0.0375 0.17708333333333334
0 0.4703125 0.32708333333333334 0.1625 0.17291666666666666
0 0.5984375 0.4979166666666667 0.0734375 0.08541666666666667
0 0.409375 0.56875 0.1546875 0.06666666666666667
0 0.203125 0.3854166666666667 0.05625 0.05
0 0.16875 0.3020833333333333 0.0453125 0.18958333333333333
0 0.9125 0.17916666666666667 0.0765625 0.052083333333333336
0 0.89375 0.13333333333333333 0.0328125 0.03125
0 0.371875 0.12083333333333333 0.1390625 0.09583333333333334
0 0.246875 0.6854166666666667 0.0484375 0.13125
0 0.215625 0.625 0.0328125 0.022916666666666665
0 0.1609375 0.7375 0.0875 0.027083333333333334
0 0.2328125 0.9 0.015625 0.06458333333333334
0 0.1953125 0.9604166666666667 0.0859375 0.022916666666666665
0 0.10625 0.69375 0.059375 0.03958333333333333
0 0.1578125 0.9354166666666667 0.0375 0.04583333333333333
0 0.021875 0.8375 0.1171875 0.0875
0 0.03125 0.8520833333333333 0.03125 0.13333333333333333
0 0.0125 0.825 0.021875 0.14583333333333334
0 0.128125 0.041666666666666664 0.08125 0.14375
0 0.2375 0.0 0.0421875 0.1
0 0.0 0.8125 0.090625 0.035416666666666666
0 0.315625 0.0 0.01875 0.035416666666666666
0 0.9328125 0.725 0.0671875 0.13125
0 0.015625 0.4625 0.0359375 0.05416666666666667
0 0.965625 0.5833333333333334 0.0328125 0.03333333333333333
0 0.98125 0.5770833333333333 0.01875 0.029166666666666667
0 0.7078125 0.008333333333333333 0.06875 0.15416666666666667
0 0.0109375 0.6416666666666667 0.0921875 0.06875
0 0.509375 0.7479166666666667 0.03125 0.075
