0 0.196875 0.21875 0.18125 0.24166666666666667
0 0.240625 0.13958333333333334 0.06875 0.09583333333333334
0 0.265625 0.09583333333333334 0.196875 0.2520833333333333
0 0.4 0.4895833333333333 0.10625 0.15833333333333333
0 0.3625 0.4166666666666667 0.19375 0.25416666666666665
0 0.2953125 0.46041666666666664 0.0921875 0.12083333333333333
0 0.35 0.2708333333333333 0.140625 0.17291666666666666
0 0.659375 0.24791666666666667 0.0625 0.08125
0 0.665625 0.18125 0.11875 0.17083333333333334
0 0.228125 0.9645833333333333 0.078125 0.035416666666666666
0 0.303125 0.9979166666666667 0.0375 0.0020833333333333333
0 0.5765625 0.5416666666666666 0.14375 0.17916666666666667
0 0.4609375 0.010416666666666666 0.09375 0.13333333333333333
0 0.5703125 0.10625 0.034375 0.041666666666666664
0 0.5171875 0.0 0.075 0.06875
0 0.590625 0.0 0.0609375 0.03333333333333333
0 0.8078125 0.36666666666666664 0.1234375 0.16875
0 0.7953125 0.5166666666666667 0.0765625 0.10625
0 0.7859375 0.625 0.0296875 0.041666666666666664
0 0.0 0.5333333333333333 0.0453125 0.14791666666666667
0 0.7703125 0.03958333333333333 0.05 0.06666666666666667
0 0.046875 0.73125 0.0390625 0.05
0 0.05 0.7520833333333333 0.0265625 0.035416666666666666
0 0.4109375 0.85 0.1203125 0.15
0 0.646875 0.0 0.096875 0.020833333333333332
0 0.28125 0.21666666666666667 0.05625 0.07916666666666666
