0 0.0 0.6916666666666667 0.034375 0.04375
0 0.0 0.30416666666666664 0.0546875 0.06666666666666667
0 0.03125 0.25833333333333336 0.0375 0.0375
0 0.328125 0.6916666666666667 0.14375 0.1875
0 0.4546875 0.85 0.0421875 0.1
0 0.4578125 0.80625 0.0203125 0.04791666666666667
0 0.425 0.7104166666666667 0.175 0.14583333333333334
0 0.3671875 0.60625 0.1921875 0.09375
0 0.2984375 0.5583333333333333 0.0828125 0.09791666666666667
0 0.35 0.375 0.0765625 0.3020833333333333
0 0.3734375 0.37916666666666665 0.1171875 0.17916666666666667
0 0.7421875 0.39791666666666664 0.03125 0.10416666666666667
0 0.7140625 0.42083333333333334 0.025 0.029166666666666667
0 0.7 0.058333333333333334 0.0859375 0.15416666666666667
0 0.7328125 0.8895833333333333 0.021875 0.0625
0 0.7046875 0.9395833333333333 0.0859375 0.035416666666666666
0 0.7875 0.9125 0.034375 0.04375
0 0.7953125 0.6770833333333334 0.0578125 0.04375
0 0.859375 0.6145833333333334 0.0796875 0.06875
0 0.81875 0.4625 0.1171875 0.18125
0 0.459375 0.19375 0.103125 0.08333333333333333
0 0.1953125 0.11458333333333333 0.0421875 0.09583333333333334
0 0.6421875 0.05625 0.0359375 0.08333333333333333
0 0.578125 0.052083333333333336 0.0203125 0.035416666666666666
0 0.6640625 0.6854166666666667 0.0625 0.1375
0 0.721875 0.7208333333333333 0.034375 0.041666666666666664
0 0.70625 0.6229166666666667 0.040625 0.022916666666666665
0 0.8625 0.8166666666666667 0.084375 0.07708333333333334
0 0.928125 0.7895833333333333 0.0296875 0.14375
0 0.903125 0.81875 0.0421875 0.13125
