0 0.34375 0.0 0.1 0.11666666666666667
0 0.321875 0.0 0.05 0.05625
0 0.1578125 0.24583333333333332 0.0515625 0.06666666666666667
0 0.1046875 0.1625 0.1046875 0.15208333333333332
0 0.23125 0.0 0.0671875 0.0020833333333333333
0 0.0 0.37916666666666665 0.05625 0.18958333333333333
0 0.0 0.5416666666666666 0.0703125 0.12083333333333333
0 0.0453125 0.6645833333333333 0.0328125 0.04583333333333333
0 0.1578125 0.575 0.134375 0.16875
0 0.334375 0.4354166666666667 0.178125 0.24166666666666667
0 0.4140625 0.26458333333333334 0.19375 0.2375
0 0.5890625 0.21041666666666667 0.046875 0.06458333333333334
0 0.609375 0.12291666666666666 0.0828125 0.11458333333333333
0 0.5796875 0.2791666666666667 0.1484375 0.20416666666666666
0 0.51875 0.47291666666666665 0.1203125 0.15625
0 0.3890625 0.41041666666666665 0.203125 0.29791666666666666
0 0.5265625 0.23958333333333334 0.09375 0.12083333333333333
0 0.3640625 0.9520833333333333 0.0953125 0.04791666666666667
0 0.2765625 0.07708333333333334 0.046875 0.058333333333333334
0 0.2625 0.008333333333333333 0.0265625 0.035416666666666666
0 0.040625 0.0 0.04375 0.05625
0 0.8640625 0.7875 0.04375 0.05625
0 0.871875 0.8104166666666667 0.0296875 0.041666666666666664
