0 0.5390625 0.83125 0.0859375 0.14791666666666667
0 0.609375 0.8791666666666667 0.0484375 0.06666666666666667
0 0.7140625 0.5666666666666667 0.0546875 0.0625
0 0.734375 0.54375 0.084375 0.16875
0 0.6921875 0.90625 0.0703125 0.07708333333333334
0 0.83125 0.2375 0.128125 0.19166666666666668
0 0.790625 0.15833333333333333 0.075 0.125
0 0.7609375 0.12708333333333333 0.0296875 0.04583333333333333
0 0.55 0.16458333333333333 0.1421875 0.14791666666666667
0 0.3625 0.29375 0.16875 0.23958333333333334
0 0.2875 0.5229166666666667 0.2171875 0.1875
0 0.3046875 0.7583333333333333 0.0390625 0.07083333333333333
0 0.265625 0.80625 0.0703125 0.12291666666666666
0 0.1890625 0.5666666666666667 0.1328125 0.21041666666666667
0 0.2359375 0.4 0.115625 0.15208333333333332
0 0.3 0.26666666666666666 0.1578125 0.33541666666666664
0 0.303125 0.66875 0.096875 0.10833333333333334
0 0.7609375 0.8916666666666667 0.1125 0.10833333333333334
0 0.3203125 0.0 0.0828125 0.022916666666666665
0 0.6375 0.7854166666666667 0.0484375 0.052083333333333336
0 0.690625 0.8645833333333334 0.0265625 0.035416666666666666
0 0.8921875 0.775 0.0421875 0.05416666666666667
