0 0.7265625 0.008333333333333333 0.125 0.20833333333333334
0 0.44375 0.025 0.1125 0.1625
0 0.2140625 0.2604166666666667 0.025 0.06041666666666667
0 0.0703125 0.14791666666666667 0.09375 0.16875
0 0.7046875 0.4166666666666667 0.0515625 0.07083333333333333
0 0.821875 0.5125 0.0203125 0.0875
0 0.45 0.6208333333333333 0.0890625 0.12291666666666666
0 0.4171875 0.7270833333333333 0.0515625 0.13541666666666666
0 0.36875 0.53125 0.021875 0.06458333333333334
0 0.284375 0.56875 0.03125 0.03958333333333333
0 0.1 0.5020833333333333 0.103125 0.18541666666666667
0 0.10625 0.6604166666666667 0.0921875 0.05
0 0.20625 0.6666666666666666 0.046875 0.09791666666666667
0 0.0578125 0.38333333333333336 0.025 0.025
0 0.709375 0.36041666666666666 0.0484375 0.04791666666666667
0 0.38125 0.53125 0.0640625 0.14166666666666666
0 0.378125 0.85 0.0421875 0.0625
0 0.8125 0.4625 0.03125 0.052083333333333336
0 0.353125 0.475 0.05625 0.06875
