0 0.132522 0.099654 0.035415 0.071927
0 0.154268 0.176128 0.036657 0.062833
0 0.399798 0.384178 0.025797 0.053611
0 0.479943 0.371257 0.023768 0.057854
0 0.913681 0.552932 0.033433 0.044488
0 0.804637 0.294188 0.021944 0.043575
0 0.970803 0.290953 0.020447 0.044998
0 0.867350 0.864966 0.035783 0.037673
0 0.879540 0.803748 0.027132 0.041859
0 0.881571 0.913964 0.031064 0.025638
0 0.824580 0.695163 0.021526 0.026205
0 0.415691 0.764034 0.038929 0.059724
0 0.354275 0.620287 0.025072 0.037620
0 0.610131 0.572762 0.015729 0.025115
0 0.599637 0.556848 0.018137 0.023424
0 0.535741 0.166097 0.032565 0.034666
0 0.703438 0.033819 0.027338 0.048778
0 0.593742 0.928299 0.019236 0.034128
0 0.921664 0.954200 0.019236 0.039613
0 0.522754 0.738767 0.020152 0.024377
0 0.573362 0.834447 0.019694 0.030471
0 0.760326 0.300388 0.032006 0.029103
0 0.843583 0.610685 0.028806 0.026973
0 0.980862 0.884791 0.025648 0.030471
0 0.955901 0.798862 0.020610 0.040222